Calculated Correlations
0.5884157138586837
0.5884157138586837
0.5884157138586837
0.5884157138586837
0.5884157138586837
0.610697658662053
0.7476166189567521
0.7488345991769554
0.7488345991520942
0.7488345991520942
0.7488345991520942
0.5884157138586837
0.7746854683640952
0.7746854683640952
0.7746854683640952
0.7746854683640952
0.7746854683640952
0.7746854683640952
0.7746854683640952
0.7746854683640952
0.7746854683640952
0.7746854683640952
0.03307665546556368
-0.46183791141409364
-0.46183791141409364
-0.46183791141409364
-0.46183791141409364
-0.46183791141409364
-0.46183791141409364
-0.46183791141409364
-0.46183791141409364
-0.46183791141409364
-0.46183791141409364
-0.5856568575921157
-0.5856568575921157
-0.5856568575921157
-0.5856568575921157
-0.5856568575921157
-0.5856568575921157
-0.5856568575921157
-0.5856568575921157
-0.5856568575921157
-0.5856568575921157
-0.8920913011300776
-0.5856568575921157
-0.5856568575921157
-0.5856568575921157
-0.5856568575921157
-0.5856568575921157
-0.5856568575921157
-0.5856568575921157
-0.5856568575921157
-0.5856568575921157
-0.5856568575921157
-0.8292017688571195
-0.5856568575921157
-0.5856568575921157
-0.5856568575921157
-0.5856568575921157
-0.5856568575921157
-0.5856568575921157
-0.5856568575921157
-0.5856568575921157
-0.5856568575921157
-0.8620805868911122
-0.912460476385513
-0.5856568575921157
-0.5856568575921157
-0.5856568575921157
-0.5856568575921157
-0.5856568575921157
-0.5856568575921157
-0.5856568575921157
-0.5856568575921157
-0.5856568575921157
-0.5856568575921157
-0.5856568575921157
